referrer,views_total,views_unique
github.com,79,20
reddit.com,63,15
Google,17,3
linkedin.com,3,3
statics.teams.cdn.office.net,1,1
