url_path,views_total,views_unique
/Swiple/swiple/blob/main/backend/Dockerfile,23,9
/Swiple/swiple,20,16
/Swiple/swiple/blob/main/docker-compose.yaml,5,2
/Swiple/swiple/tree/main/backend/app,4,2
/Swiple/swiple/blob/main/backend/app/models/base_model.py,4,1
/Swiple/swiple/tree/main/backend,4,1
/Swiple/swiple/blob/35c639a6773c39ef08cbf4becde6ac56f9e82e54/docker-compose-non-dev.yaml,2,1
/Swiple/swiple/blob/main/backend/app/constants.py,2,1
/Swiple/swiple/blob/main/backend/app/main.py,2,1
/Swiple/swiple/blob/main/backend/app/models/dataset.py,2,1
